1.764736576646320998e+01
1.769559364143694680e+01
1.774382151641079730e+01
1.779204939138464425e+01
1.784027726635849476e+01
1.788850514133223513e+01
1.793673301630618866e+01
1.798496089127992903e+01
1.803318876625377953e+01
1.808141664122762649e+01
1.812964451620147344e+01
1.817787239117532039e+01
1.822610026614917089e+01
1.827432814112291126e+01
1.832255601609675821e+01
1.837078389107071530e+01
1.841901176604456225e+01
1.846723964101830262e+01
1.851546751599214957e+01
1.856369539096600008e+01
1.861192326593985058e+01
1.866015114090389559e+01
1.870837901583111673e+01
1.875660689075817444e+01
1.880483476568544887e+01
1.885306264061267001e+01
1.890129051553972772e+01
1.894951839046694886e+01
1.899774626539411670e+01
1.904597414032128100e+01
1.909420201524850214e+01
1.914242989017555630e+01
1.919065776510277743e+01
1.923888564002994528e+01
1.928711351495711313e+01
1.933534138988433071e+01
1.938356926481149856e+01
1.943179713973860956e+01
1.948002501466577741e+01
1.952825288959294525e+01
1.957648076452016284e+01
1.962470863944733068e+01
1.967293651437444169e+01
1.972116438930160953e+01
1.976939226422883067e+01
1.981762013915599496e+01
1.986584801408316281e+01
1.991407588901032710e+01
1.996230376393744166e+01
2.001053163886465924e+01
2.005875951379182709e+01
2.010698738871899138e+01
2.015521526364621252e+01
2.020344313857327023e+01
2.025167101350049137e+01
2.029989888842765566e+01
2.034812676335482351e+01
2.039635463828204109e+01
2.044458251320920894e+01
2.049281038813631994e+01
2.054103826306348779e+01
2.058926613799065564e+01
2.063749401291787322e+01
2.068572188784503751e+01
2.073394976277215207e+01
2.078217763769931992e+01
2.083040551262648421e+01
2.087863338755370535e+01
2.092686126248086964e+01
2.097508913740803749e+01
2.102331701233514849e+01
2.107154488726231278e+01
2.111977276218953747e+01
2.116800063711670177e+01
2.121622851204386961e+01
2.126445638697098062e+01
2.131268426189814491e+01
2.136091213682542289e+01
2.140914001175253389e+01
2.145736788667970174e+01
2.150559576160691933e+01
2.155382363653403033e+01
2.160205151146119817e+01
2.165027938638836247e+01
2.169850726131553031e+01
2.174673513624275145e+01
2.179496301116986245e+01
2.184319088609703030e+01
2.189141876102430473e+01
2.193964663595141573e+01
2.198787451087858358e+01
2.203610238580574787e+01
2.208433026073286243e+01
2.213255813566002672e+01
2.218078601058724786e+01
2.222901388551441215e+01
2.227724176044157645e+01
2.232546963536880114e+01
2.237369751029585530e+01
2.242192538522313328e+01
2.247015326015024428e+01
2.251838113507740857e+01
2.256660901000463326e+01
2.261483688493168742e+01
1.554282098436795145e+01
1.559104885929522410e+01
1.563927673422228359e+01
1.568750460914944966e+01
1.573573248407661573e+01
1.578396035900378180e+01
1.583218823393105801e+01
1.588041610885811394e+01
1.592864398378528001e+01
1.597687185871244786e+01
1.602509973363972051e+01
1.607332760856678178e+01
1.612155548349405620e+01
1.616978335842111392e+01
1.621801123334827821e+01
1.626623910827555619e+01
1.631446698320261390e+01
1.636269485812988833e+01
1.641092273305705618e+01
1.645915060798422047e+01
1.650737848291138476e+01
1.655560635783855261e+01
1.660383423276561032e+01
1.665206210769288475e+01
1.670028998262005260e+01
1.674851785754721689e+01
1.679674573247438474e+01
1.684497360740144245e+01
1.689320148232871688e+01
1.694142935725588117e+01
1.698965723218304902e+01
1.703788510711021331e+01
1.708611298203737761e+01
1.713434085696454545e+01
1.718256873189171330e+01
1.723079660681887759e+01
1.727902448174604544e+01
1.732725235667320973e+01
1.737548023160037758e+01
1.742370810652754187e+01
1.747193598145481985e+01
1.752016385638187757e+01
1.756839173130904186e+01
1.761661960623620615e+01
1.766484748116337400e+01
1.771307535609064843e+01
